export const sampledTrajectoryIndices = [0, 10, 20, 30, 40, 50, 60, 70, 80, 90];

export const annabergCameras = [
    {
        "id": 0,
        "img_name": "ASP_AGR_0001.jpeg",
        "width": 4912,
        "height": 3229,
        "position": [
            -1.002308034733315,
            0.49449500115706807,
            0.23934344537563565
        ],
        "rotation": [
            [
                -0.2238709205067867,
                -0.9674641146188235,
                0.1178770455867473
            ],
            [
                0.9571582747614368,
                -0.2410374058314907,
                -0.16046496828197568
            ],
            [
                0.1836568757415691,
                0.07690354942940805,
                0.9799775487622175
            ]
        ],
        "fy": 3170.776970690481,
        "fx": 3170.776970690481
    },
    {
        "id": 1,
        "img_name": "ASP_AGR_0086.jpeg",
        "width": 4912,
        "height": 3229,
        "position": [
            0.6056072033088391,
            0.3349943325887678,
            0.011707473682263667
        ],
        "rotation": [
            [
                -0.19238888101877205,
                -0.976586816489734,
                0.09625335484434845
            ],
            [
                0.9674422104722535,
                -0.20519052057887932,
                -0.14816348963604087
            ],
            [
                0.16444478665164625,
                0.06461455039707231,
                0.9842676831127185
            ]
        ],
        "fy": 3170.776970690481,
        "fx": 3170.776970690481
    },
    {
        "id": 2,
        "img_name": "ASP_AGR_0477.jpeg",
        "width": 4912,
        "height": 3229,
        "position": [
            -0.7529117917597086,
            1.193434637695766,
            0.3847510341794486
        ],
        "rotation": [
            [
                -0.3257718472738551,
                -0.9354081752340414,
                0.1374199739088202
            ],
            [
                0.926818860846727,
                -0.3446730333185104,
                -0.1490211370302623
            ],
            [
                0.1867605491064833,
                0.0788165325825608,
                0.9792387101667841
            ]
        ],
        "fy": 3170.776970690481,
        "fx": 3170.776970690481
    },
    {
        "id": 3,
        "img_name": "ASP_AGR_0551.jpeg",
        "width": 4912,
        "height": 3229,
        "position": [
            -0.8448372813925088,
            0.030661496795447434,
            0.13847730973248182
        ],
        "rotation": [
            [
                0.8599304455744232,
                0.5022387657248545,
                0.09097170426758444
            ],
            [
                -0.49571357951368383,
                0.864259313608581,
                -0.08557970510906851
            ],
            [
                -0.12160458815318095,
                0.028496684789624468,
                0.9921694729712742
            ]
        ],
        "fy": 3170.776970690481,
        "fx": 3170.776970690481
    },
    {
        "id": 4,
        "img_name": "ASP_AGR_0651.jpeg",
        "width": 4912,
        "height": 3229,
        "position": [
            -0.009469242875790741,
            -0.550264357147106,
            -0.07613854146346294
        ],
        "rotation": [
            [
                0.9055313282255109,
                0.4236305755617104,
                0.023455256370294525
            ],
            [
                -0.413362828706718,
                0.8933428707267171,
                -0.17626595577515422
            ],
            [
                -0.09562523435643361,
                0.14991881393274833,
                0.9840630893307986
            ]
        ],
        "fy": 3170.776970690481,
        "fx": 3170.776970690481
    },
    {
        "id": 5,
        "img_name": "ASP_AGR_0748.jpeg",
        "width": 4912,
        "height": 3229,
        "position": [
            1.3183579776365981,
            -0.706079093894178,
            -0.26168881491371204
        ],
        "rotation": [
            [
                0.8246988170168351,
                0.5377937468864924,
                0.17507069149580734
            ],
            [
                -0.5097799578155251,
                0.8408947467263111,
                -0.18171521548206815
            ],
            [
                -0.24494133138495489,
                0.0606127935165534,
                0.9676413764621092
            ]
        ],
        "fy": 3170.776970690481,
        "fx": 3170.776970690481
    },
    {
        "id": 6,
        "img_name": "ASP_AGR_2217.jpeg",
        "width": 4912,
        "height": 3229,
        "position": [
            -1.299386330115568,
            0.4022740922919767,
            0.15425469373777875
        ],
        "rotation": [
            [
                0.9860461761601335,
                0.09570177104521582,
                0.13621347032796813
            ],
            [
                -0.06736741150786252,
                0.9776394397703291,
                -0.19920531537157168
            ],
            [
                -0.15223196230328725,
                0.18724929058441345,
                0.9704448118409024
            ]
        ],
        "fy": 3170.776970690481,
        "fx": 3170.776970690481
    },
    {
        "id": 7,
        "img_name": "ASP_AGR_2259.jpeg",
        "width": 4912,
        "height": 3229,
        "position": [
            -0.2527850318733921,
            0.7330114730524633,
            0.11198301635471676
        ],
        "rotation": [
            [
                0.967056860869675,
                0.1582380195186934,
                0.19940350303766366
            ],
            [
                -0.12188699287553859,
                0.9755252992389469,
                -0.18301352822270112
            ],
            [
                -0.2234828602211998,
                0.15267979474561988,
                0.9626755899386807
            ]
        ],
        "fy": 3170.776970690481,
        "fx": 3170.776970690481
    },
    {
        "id": 8,
        "img_name": "ASP_AGR_2318.jpeg",
        "width": 4912,
        "height": 3229,
        "position": [
            -0.017449031259405366,
            -0.2994160317881425,
            -0.15381508578366804
        ],
        "rotation": [
            [
                0.963944544872234,
                0.20639852902948574,
                0.16796000007598896
            ],
            [
                -0.18580453323858376,
                0.973893238808459,
                -0.13041715696625905
            ],
            [
                -0.19049301782231734,
                0.09450717759849965,
                0.9771288571848198
            ]
        ],
        "fy": 3170.776970690481,
        "fx": 3170.776970690481
    },
    {
        "id": 9,
        "img_name": "ASP_AGR_2414.jpeg",
        "width": 4912,
        "height": 3229,
        "position": [
            1.3542385289436023,
            -0.43004760598123304,
            -0.3405157336232351
        ],
        "rotation": [
            [
                -0.6591009792874163,
                -0.7368841313315044,
                0.1502919694933268
            ],
            [
                0.7203580607163884,
                -0.675993256284729,
                -0.15529771993977498
            ],
            [
                0.21603278330682346,
                0.005907152392050877,
                0.9763682410275972
            ]
        ],
        "fy": 3170.776970690481,
        "fx": 3170.776970690481
    }
];

export const annabergTrajectoryPoints = [
    [
        -1.002308034733315,
        0.49449500115706807,
        0.23934344537563565
    ],
    [
        -0.8715871834680068,
        0.5702159500537028,
        0.21817319406002494
    ],
    [
        -0.23917644954387152,
        0.8419296925034535,
        0.2593359855917772
    ],
    [
        -0.08653541281300273,
        0.9054989477802746,
        0.27382665486239577
    ],
    [
        -0.6351401136805511,
        0.09630324805741344,
        0.16960920535957422
    ],
    [
        0.4172914347140941,
        0.6170204482130974,
        0.10972667540409332
    ],
    [
        -0.01029887736366097,
        0.11650063690602827,
        0.07377620251198941
    ],
    [
        -0.3049462707410318,
        -0.01289241763712938,
        0.06491161244929161
    ],
    [
        -0.4497301226282386,
        -0.07862515803215052,
        0.0679209275657177
    ],
    [
        0.5585326722171369,
        -0.684200615663456,
        -0.13747463373388571
    ],
    [
        0.6056072033088391,
        0.3349943325887678,
        0.011707473682263667
    ],
    [
        0.601710506026351,
        0.05308647722923744,
        -0.0050054488975512694
    ],
    [
        0.15870173145616182,
        -0.14925260152260653,
        -0.019906390804906762
    ],
    [
        0.019106765060396744,
        -0.2206770709329917,
        -0.015249391589657232
    ],
    [
        1.0044614946482957,
        -0.29990504197230905,
        -0.1585414387031811
    ],
    [
        0.5201294858832897,
        -0.5258862197888255,
        -0.11018285096880691
    ],
    [
        0.08214840419683529,
        -0.7189822926886857,
        -0.12727265750562428
    ],
    [
        -1.5775543344432366,
        0.8630794385939008,
        0.4404424974735619
    ],
    [
        -1.4868069994555857,
        0.9481147429135924,
        0.45956923596743504
    ],
    [
        -1.159096628556903,
        1.020384178009827,
        0.41080637300482686
    ],
    [
        -0.7529117917597086,
        1.193434637695766,
        0.3847510341794486
    ],
    [
        -0.6648532110982701,
        1.026516601200859,
        0.3400908542375306
    ],
    [
        -1.3273121152142588,
        0.4363960041369904,
        0.30643902122593647
    ],
    [
        -1.4272459733791272,
        0.35341469733671316,
        0.30116412348854854
    ],
    [
        -1.528027458007329,
        0.2740317748462033,
        0.2865820841140466
    ],
    [
        -1.7261515420583322,
        0.10792304899887031,
        0.2748402918315136
    ],
    [
        -0.27690626333759466,
        0.9267088159957008,
        0.25653936445859016
    ],
    [
        -1.3342329079605986,
        0.027503194653247857,
        0.17946167342597336
    ],
    [
        -1.4188681153450593,
        -0.044532486224650565,
        0.17003341828334678
    ],
    [
        -0.759581704219109,
        0.10855999398887023,
        0.14222140951969564
    ],
    [
        -0.8448372813925088,
        0.030661496795447434,
        0.13847730973248182
    ],
    [
        0.13359963280659023,
        0.40697545396691,
        0.11513851568155352
    ],
    [
        -0.228174501995817,
        0.11858868526200612,
        0.06731375002985855
    ],
    [
        -0.3083519122135659,
        0.046499342704488925,
        0.06335610107846225
    ],
    [
        0.9274760369471037,
        0.19313131498652358,
        -0.002791544686433756
    ],
    [
        0.8051846514342602,
        0.11457050319187623,
        -0.013034643066222295
    ],
    [
        0.6919964993984358,
        0.03563786588429119,
        -0.01957189686695809
    ],
    [
        0.4774076184594066,
        -0.13363481115135217,
        -0.021746281726517245
    ],
    [
        0.3742518207840684,
        -0.21987653670735266,
        -0.029804457700986928
    ],
    [
        0.2696112306857638,
        -0.30743330257732965,
        -0.04274839467287974
    ],
    [
        -0.009469242875790741,
        -0.550264357147106,
        -0.07613854146346294
    ],
    [
        -0.09926467463564699,
        -0.632803162812204,
        -0.0876633881945392
    ],
    [
        0.89783043409516,
        -0.22803522313668606,
        -0.09638084648248021
    ],
    [
        0.7915845973261024,
        -0.3193143163287006,
        -0.10817217846029034
    ],
    [
        0.6912607033890051,
        -0.4062049063936555,
        -0.11632636554193486
    ],
    [
        0.5892113581178957,
        -0.5049935578065543,
        -0.11718130878411401
    ],
    [
        1.0425373982924073,
        -0.5131506189895764,
        -0.16604401100151758
    ],
    [
        0.9339706742489662,
        -0.5948191217521946,
        -0.1847479345151693
    ],
    [
        1.7844983334571156,
        -0.3341329460253147,
        -0.2524264832312692
    ],
    [
        1.5017402401732658,
        -0.5557549505833521,
        -0.26111394774599267
    ],
    [
        1.3183579776365981,
        -0.706079093894178,
        -0.26168881491371204
    ],
    [
        1.2246801360045028,
        -0.7798240132334114,
        -0.26698792905191154
    ],
    [
        1.1302350599157323,
        -0.8504799328449243,
        -0.2773604757357959
    ],
    [
        1.0383146873008886,
        -0.9220947519132894,
        -0.2839960684749972
    ],
    [
        1.2554271014323155,
        -1.585719280319793,
        -0.47398417321334135
    ],
    [
        1.5605279053722496,
        -0.8202214302276951,
        0.09246529288277817
    ],
    [
        -1.5526494561325919,
        0.31479470609767546,
        0.17095075388171935
    ],
    [
        -1.4470964790431824,
        0.5143667785176737,
        0.2113649832188661
    ],
    [
        -1.1947949183134132,
        0.6125364362096453,
        0.19027965786726256
    ],
    [
        -1.2458519870946654,
        0.5078418740506735,
        0.16841051833106108
    ],
    [
        -1.299386330115568,
        0.4022740922919767,
        0.15425469373777875
    ],
    [
        -1.3549270929285528,
        0.29639783671416065,
        0.14824183585322312
    ],
    [
        -1.1270998641306764,
        0.3397889627731468,
        0.16488834953782108
    ],
    [
        -0.8112368985034077,
        0.574396713847709,
        0.15525305784050875
    ],
    [
        -0.8715558698305367,
        0.47643208131192616,
        0.13426729098935997
    ],
    [
        -1.2466131420256432,
        -0.2835104857591027,
        0.030473464717583963
    ],
    [
        -0.6184611273073528,
        0.504547493771808,
        0.1133561442876093
    ],
    [
        -0.5505072881957973,
        0.6238941899899532,
        0.13104591161083817
    ],
    [
        -0.49678322058000984,
        0.7271312922117483,
        0.14382713906154154
    ],
    [
        -0.442366955767316,
        0.835584231294577,
        0.14794821966946733
    ],
    [
        -0.2527850318733921,
        0.7330114730524633,
        0.11198301635471676
    ],
    [
        -0.5203812162498425,
        0.3246268158465598,
        0.06778243952927814
    ],
    [
        -0.6579076240767624,
        0.08587970105305753,
        0.04988784165220976
    ],
    [
        0.06588550028756456,
        0.5712731827625468,
        0.0763936591265129
    ],
    [
        -0.20793711925504313,
        0.18553332418763002,
        -0.028290446152397817
    ],
    [
        -0.3136699187599991,
        -0.02215607489979819,
        -0.02547757209439893
    ],
    [
        -0.4763946828531936,
        -0.38674892736946065,
        -0.06579493481742005
    ],
    [
        0.011604143441135356,
        0.15461368908321466,
        -0.042274909829161295
    ],
    [
        0.16908374001610665,
        0.01634204709815599,
        -0.09569676441784881
    ],
    [
        0.04329649196661332,
        -0.1954733860624932,
        -0.14400165478555685
    ],
    [
        -0.017449031259405366,
        -0.2994160317881425,
        -0.15381508578366804
    ],
    [
        0.3812766618901477,
        -0.34376127591962363,
        -0.1751322299482846
    ],
    [
        0.2597101561445184,
        -0.5564986079770935,
        -0.19255162590353045
    ],
    [
        0.7606257112138177,
        -0.38410370532793725,
        -0.2683587973701808
    ],
    [
        0.697661289813983,
        -0.4785317034601916,
        -0.2963372626431255
    ],
    [
        1.0412545081525724,
        -0.2542035753619502,
        -0.2573528844645953
    ],
    [
        1.162381412261017,
        -0.030713625017089366,
        -0.23115497743083532
    ],
    [
        1.2109989222584696,
        0.06736610467893929,
        -0.22796112092479678
    ],
    [
        1.2621979048681435,
        0.16717017184338917,
        -0.2186021571475154
    ],
    [
        0.8115711508132767,
        -1.0810170053559778,
        -0.3725737168078835
    ],
    [
        1.3542385289436023,
        -0.43004760598123304,
        -0.3405157336232351
    ],
    [
        1.7096148925854229,
        -0.1577576473433742,
        -0.3535849671684258
    ],
    [
        1.4683566237748955,
        -1.302713972571883,
        -0.5250411473300967
    ],
    [
        1.4180728211954736,
        -1.3915358909401925,
        -0.5405721620298741
    ]
];
