export const sampledTrajectoryIndices = [0, 21, 41, 62, 83, 103, 124, 145, 165, 186];

export const maineCameras = [
    {
        "id": 0,
        "img_name": "frame_0001",
        "width": 1280,
        "height": 720,
        "position": [
            1.5928881909843644,
            -0.05112294817514587,
            0.07544451866490234
        ],
        "rotation": [
            [
                -0.9989715334739043,
                0.00101166888727276,
                -0.045330379908687365
            ],
            [
                0.044062323698759065,
                0.2574730822872151,
                -0.9652803346246693
            ],
            [
                0.010694806442780718,
                -0.9662849458030741,
                -0.25725285463547626
            ]
        ],
        "fy": 943.2348532572976,
        "fx": 943.2348532572976
    },
    {
        "id": 1,
        "img_name": "frame_0022",
        "width": 1280,
        "height": 720,
        "position": [
            1.2840203639089436,
            0.0753092582975507,
            0.0793445841004251
        ],
        "rotation": [
            [
                -0.7469618862743793,
                0.16034343453229358,
                -0.6452425241439197
            ],
            [
                0.6648544959282502,
                0.18605714453885044,
                -0.7234301895106177
            ],
            [
                0.004054696380029116,
                -0.9693671793363277,
                -0.24558264932889176
            ]
        ],
        "fy": 943.2348532572976,
        "fx": 943.2348532572976
    },
    {
        "id": 2,
        "img_name": "frame_0042",
        "width": 1280,
        "height": 720,
        "position": [
            1.0826148369527282,
            0.25406260905584876,
            0.08258560356615013
        ],
        "rotation": [
            [
                -0.7566092115459182,
                0.1582713514314139,
                -0.6344231015873754
            ],
            [
                0.6538616315598187,
                0.18719410074231885,
                -0.7330916288613132
            ],
            [
                0.0027328552142529554,
                -0.9694888108666055,
                -0.24512034533149782
            ]
        ],
        "fy": 943.2348532572976,
        "fx": 943.2348532572976
    },
    {
        "id": 3,
        "img_name": "frame_0063",
        "width": 1280,
        "height": 720,
        "position": [
            0.804079817834055,
            0.472878091565893,
            0.08472049310887758
        ],
        "rotation": [
            [
                -0.8317355298411748,
                0.1310640806176484,
                -0.5394795702151085
            ],
            [
                0.5551299663802859,
                0.2083047318195368,
                -0.805257635799587
            ],
            [
                0.006835791790467176,
                -0.9692426694387444,
                -0.2460120449865292
            ]
        ],
        "fy": 943.2348532572976,
        "fx": 943.2348532572976
    },
    {
        "id": 4,
        "img_name": "frame_0084",
        "width": 1280,
        "height": 720,
        "position": [
            0.34549968437647827,
            0.7082351451541407,
            0.09173878130939715
        ],
        "rotation": [
            [
                -0.938314055933002,
                0.07361286562903617,
                -0.3378577658723385
            ],
            [
                0.34549557883515586,
                0.23950242410356198,
                -0.9073430413791713
            ],
            [
                0.014125629454079636,
                -0.9681011012797957,
                -0.2501614096577901
            ]
        ],
        "fy": 943.2348532572976,
        "fx": 943.2348532572976
    },
    {
        "id": 5,
        "img_name": "frame_0104",
        "width": 1280,
        "height": 720,
        "position": [
            -0.17547273043553602,
            0.8051510064634445,
            0.10186323432306298
        ],
        "rotation": [
            [
                -0.9997818558724829,
                -0.014909999840482791,
                -0.01462614374118239
            ],
            [
                0.010272327563112688,
                0.25870738939554266,
                -0.965901116493767
            ],
            [
                0.01818547502324378,
                -0.9658406632285739,
                -0.25849779175259363
            ]
        ],
        "fy": 943.2348532572976,
        "fx": 943.2348532572976
    },
    {
        "id": 6,
        "img_name": "frame_0125",
        "width": 1280,
        "height": 720,
        "position": [
            -0.7459699361041982,
            0.6969555737311574,
            0.11286066273308261
        ],
        "rotation": [
            [
                -0.9449802404515847,
                -0.10441937849275078,
                0.3100144029864742
            ],
            [
                -0.3264675787139111,
                0.24086921931769653,
                -0.914002702468262
            ],
            [
                0.020766666360908417,
                -0.9649241530210563,
                -0.26170619227188996
            ]
        ],
        "fy": 943.2348532572976,
        "fx": 943.2348532572976
    },
    {
        "id": 7,
        "img_name": "frame_0146",
        "width": 1280,
        "height": 720,
        "position": [
            -1.208951430614928,
            0.4963698308236797,
            0.12757133180823038
        ],
        "rotation": [
            [
                -0.883633132359422,
                -0.14095760758861625,
                0.4464565284183636
            ],
            [
                -0.46778002549435005,
                0.22640581889944802,
                -0.854354875799455
            ],
            [
                0.019347463499764423,
                -0.9637797292664962,
                -0.2659968340031968
            ]
        ],
        "fy": 943.2348532572976,
        "fx": 943.2348532572976
    },
    {
        "id": 8,
        "img_name": "frame_0166",
        "width": 1280,
        "height": 720,
        "position": [
            -1.3731114510913491,
            0.3978640567302565,
            0.13123709008997475
        ],
        "rotation": [
            [
                -0.8586407895425384,
                -0.15046959436959192,
                0.48999478284143405
            ],
            [
                -0.5123425439565527,
                0.2229841040238128,
                -0.8293269607881756
            ],
            [
                0.015527444046209331,
                -0.9631391379400454,
                -0.2685552197185859
            ]
        ],
        "fy": 943.2348532572976,
        "fx": 943.2348532572976
    },
    {
        "id": 9,
        "img_name": "frame_0187",
        "width": 1280,
        "height": 720,
        "position": [
            -1.5499865981146004,
            0.28526869190418946,
            0.13738963779924984
        ],
        "rotation": [
            [
                -0.8378655729466581,
                -0.1600330546386357,
                0.5218914586402073
            ],
            [
                -0.5456480752067359,
                0.21786985905042058,
                -0.8091976911891561
            ],
            [
                0.01579396024720088,
                -0.9627679650003652,
                -0.26986738035072916
            ]
        ],
        "fy": 943.2348532572976,
        "fx": 943.2348532572976
    }
];

export const maineTrajectoryPoints = [
    [
        1.5928881909843644,
        -0.05112294817514587,
        0.07544451866490234
    ],
    [
        1.5789302316797016,
        -0.05053369430615037,
        0.07579347711435484
    ],
    [
        1.563998165795837,
        -0.049724638714333594,
        0.0761135614297914
    ],
    [
        1.5485034889918075,
        -0.048652277571320804,
        0.07638223857600934
    ],
    [
        1.532503732089688,
        -0.04736580203683288,
        0.07665123383870759
    ],
    [
        1.5161627335461114,
        -0.045437639590695786,
        0.07667679406493619
    ],
    [
        1.4998870296443934,
        -0.04287904014529816,
        0.07693408685852737
    ],
    [
        1.4837106230075723,
        -0.03934968086197471,
        0.07714549347871817
    ],
    [
        1.4677230262615157,
        -0.03516789318793495,
        0.07734270325098061
    ],
    [
        1.451638478374508,
        -0.0299083196762589,
        0.07748320722315606
    ],
    [
        1.4356488447704814,
        -0.024086588395587152,
        0.07769793367635573
    ],
    [
        1.4196831318363725,
        -0.017546412275148887,
        0.077852319164223
    ],
    [
        1.404501717597987,
        -0.010502808043916186,
        0.0781188883522599
    ],
    [
        1.389261421637134,
        -0.00288620075594416,
        0.07842017765708682
    ],
    [
        1.3747301620451255,
        0.005279308028207891,
        0.07832199563359485
    ],
    [
        1.3605775434229777,
        0.014193683942821472,
        0.07829464088428151
    ],
    [
        1.346937226718213,
        0.023607889126524423,
        0.0785494100705785
    ],
    [
        1.3335764703675275,
        0.03350768257923496,
        0.0787317478068064
    ],
    [
        1.3206884430706196,
        0.04364169392341996,
        0.07905288865766018
    ],
    [
        1.3082602935055632,
        0.0540713749254777,
        0.07919624178473443
    ],
    [
        1.2960845028291639,
        0.06473324368048697,
        0.07925564720359518
    ],
    [
        1.2840203639089436,
        0.0753092582975507,
        0.0793445841004251
    ],
    [
        1.272004720653765,
        0.08591153894285383,
        0.07936745252449029
    ],
    [
        1.2598487247554038,
        0.09638684716161666,
        0.07942154570444909
    ],
    [
        1.2479871472913706,
        0.10666145472882754,
        0.07957163900572202
    ],
    [
        1.2363198795394357,
        0.11702802749057925,
        0.07973564812376506
    ],
    [
        1.224770218874045,
        0.1275120327014558,
        0.08022120569163745
    ],
    [
        1.2130990569547353,
        0.13795569000687868,
        0.0802746363750695
    ],
    [
        1.2015225752476892,
        0.14833501459328766,
        0.08048357040902204
    ],
    [
        1.189899011979059,
        0.15859807031839745,
        0.08040948829334175
    ],
    [
        1.1787047437911495,
        0.1685158200362869,
        0.08049902629520507
    ],
    [
        1.1679369776275588,
        0.17812769660606498,
        0.08069924439926968
    ],
    [
        1.1574120397894279,
        0.1875707448113367,
        0.08101114166851033
    ],
    [
        1.1474106026859725,
        0.19665476751547858,
        0.0814996761927781
    ],
    [
        1.1372410871736356,
        0.20568403662934318,
        0.08181438520765917
    ],
    [
        1.127342815020135,
        0.21432686622897998,
        0.08215784461933584
    ],
    [
        1.118053197394747,
        0.22243147193723115,
        0.08214275513593632
    ],
    [
        1.109377373811649,
        0.23028848510139685,
        0.08235348896721124
    ],
    [
        1.1016458872230892,
        0.23715076167794,
        0.0824568075043337
    ],
    [
        1.0948044818725766,
        0.2432921698144986,
        0.08248657578968832
    ],
    [
        1.0884616910545002,
        0.24890599029722663,
        0.08263065270214116
    ],
    [
        1.0826148369527282,
        0.25406260905584876,
        0.08258560356615013
    ],
    [
        1.0767038325878648,
        0.25898619993171024,
        0.08269586723026819
    ],
    [
        1.0695517050737944,
        0.26494000888201896,
        0.08261095333161092
    ],
    [
        1.0610729791171798,
        0.27224985383806644,
        0.08265400875860515
    ],
    [
        1.0512638009635584,
        0.2805710385377935,
        0.08270219357840417
    ],
    [
        1.0405940642693818,
        0.28964512916583995,
        0.08272032248658313
    ],
    [
        1.0293239793056115,
        0.2990474058000858,
        0.08296765671316432
    ],
    [
        1.0175657087701584,
        0.30879062972643934,
        0.08291089763329086
    ],
    [
        1.005270635637954,
        0.319188017668925,
        0.08308529333062808
    ],
    [
        0.9923878396308353,
        0.3293995158331795,
        0.08320971022781602
    ],
    [
        0.9791778302731519,
        0.3401619417829931,
        0.08317270485115397
    ],
    [
        0.9653443362378432,
        0.3513762970579032,
        0.08309391079854374
    ],
    [
        0.9510933199078068,
        0.3628620485268911,
        0.08312936739485585
    ],
    [
        0.9369327664405663,
        0.374246617969724,
        0.08296964496576498
    ],
    [
        0.922220156815663,
        0.38608303025768076,
        0.08297376826465659
    ],
    [
        0.9072951740125771,
        0.39787101326420227,
        0.08294054131077533
    ],
    [
        0.8917982303611071,
        0.4100356097345379,
        0.08314726342145064
    ],
    [
        0.8754858039462482,
        0.422435030591611,
        0.08334352101338358
    ],
    [
        0.8585221739494995,
        0.4350404745071512,
        0.08352605059057215
    ],
    [
        0.8407732996909262,
        0.44769931829657306,
        0.08389863302835332
    ],
    [
        0.8226193118024606,
        0.4604155519921215,
        0.0843302112561003
    ],
    [
        0.804079817834055,
        0.472878091565893,
        0.08472049310887758
    ],
    [
        0.7853780321960594,
        0.4853116626094427,
        0.08511091379023686
    ],
    [
        0.766311555341031,
        0.49752915290828115,
        0.0854662183071178
    ],
    [
        0.7470662056527146,
        0.5093534811971155,
        0.08566567397848367
    ],
    [
        0.7275241667991826,
        0.5213097844790516,
        0.085954053725509
    ],
    [
        0.7079667273203352,
        0.5327522342198462,
        0.08603521734269945
    ],
    [
        0.6879835826336281,
        0.5443445450943578,
        0.0862841119267835
    ],
    [
        0.6674210649841023,
        0.5559603017797775,
        0.08661909318251478
    ],
    [
        0.6463265247267823,
        0.567749424764868,
        0.08692157433819
    ],
    [
        0.6245642057772526,
        0.5795384906335148,
        0.08734483287449853
    ],
    [
        0.602345934832301,
        0.591474784565225,
        0.08763837046530935
    ],
    [
        0.579797125798363,
        0.6033541308514284,
        0.08801142775873484
    ],
    [
        0.5570578640211756,
        0.615029613857102,
        0.08816736755684089
    ],
    [
        0.5344452832774497,
        0.6263547790451431,
        0.08834399891141681
    ],
    [
        0.5113593162720271,
        0.6375516742265301,
        0.08858515885497385
    ],
    [
        0.48797775581799396,
        0.6483541804129452,
        0.08913066739239574
    ],
    [
        0.4646342951121071,
        0.6589447915537604,
        0.08944352834136886
    ],
    [
        0.4411909362923975,
        0.6694673595155944,
        0.08988180278914192
    ],
    [
        0.41767371697493627,
        0.6796512839795364,
        0.09030505589636538
    ],
    [
        0.39381660295305954,
        0.6894745526087006,
        0.09077316307848836
    ],
    [
        0.369802961285832,
        0.699056950267014,
        0.09122645957339028
    ],
    [
        0.34549968437647827,
        0.7082351451541407,
        0.09173878130939715
    ],
    [
        0.32060983450796954,
        0.7171550760305312,
        0.09221898385534676
    ],
    [
        0.2953954326306558,
        0.7257915613858907,
        0.09277502129027733
    ],
    [
        0.2698458787731378,
        0.7341954062260367,
        0.09321385352521012
    ],
    [
        0.24427871476499705,
        0.7420913556333553,
        0.09347337353228356
    ],
    [
        0.21881637107245946,
        0.7494536120956928,
        0.09371025344102342
    ],
    [
        0.1934524151564829,
        0.7562853739520246,
        0.09416153592780403
    ],
    [
        0.1678785051903229,
        0.7626914157650784,
        0.09493087432964482
    ],
    [
        0.14223660879899844,
        0.7684174240742472,
        0.09565387122234646
    ],
    [
        0.11641169580792984,
        0.7738950444318051,
        0.09646126707068893
    ],
    [
        0.09056153775778061,
        0.7791777410070132,
        0.09703259487324155
    ],
    [
        0.06462018285858695,
        0.7837321612150744,
        0.09751361219397935
    ],
    [
        0.03871903970861318,
        0.7880738737175172,
        0.09816340254190532
    ],
    [
        0.01274023032830851,
        0.7914642271175942,
        0.0988531643802714
    ],
    [
        -0.013891840346111795,
        0.7946624076241139,
        0.09971572286188694
    ],
    [
        -0.040789156878307115,
        0.7973259394946537,
        0.10024245706544975
    ],
    [
        -0.06775369251402488,
        0.799574913337865,
        0.1006074497062973
    ],
    [
        -0.09471608749382274,
        0.8017066798488895,
        0.1010858628825848
    ],
    [
        -0.1215570939675531,
        0.8031198275931499,
        0.10136459549740949
    ],
    [
        -0.14857919247102008,
        0.8043629624606347,
        0.10167481204696881
    ],
    [
        -0.17547273043553602,
        0.8051510064634445,
        0.10186323432306298
    ],
    [
        -0.20267764236392993,
        0.8052681441087193,
        0.10221729630870104
    ],
    [
        -0.23014224228466532,
        0.8048115515709692,
        0.10266065176883112
    ],
    [
        -0.2576864250268033,
        0.8033604995326473,
        0.1028344242789996
    ],
    [
        -0.2855864641725817,
        0.8014139011087058,
        0.10319507940175456
    ],
    [
        -0.31319992489750204,
        0.7984842324820352,
        0.1037193020574554
    ],
    [
        -0.3410504640015852,
        0.79512223543959,
        0.10434189279503737
    ],
    [
        -0.3688134602221608,
        0.7912585079910975,
        0.10523430992781739
    ],
    [
        -0.3965989666858558,
        0.7868483899741803,
        0.10598336439712618
    ],
    [
        -0.42453183918997794,
        0.7820297182848683,
        0.10680309382924406
    ],
    [
        -0.4521952666704335,
        0.7766315481287198,
        0.10758750588094339
    ],
    [
        -0.4802210626721929,
        0.7707434822390802,
        0.10842015464391862
    ],
    [
        -0.5078762048725604,
        0.7647139255230999,
        0.10889645926540727
    ],
    [
        -0.5356232504751436,
        0.7581686473948429,
        0.10934529627576216
    ],
    [
        -0.5624643259982406,
        0.7513939577944202,
        0.10954593671924452
    ],
    [
        -0.5899129653702739,
        0.7441178326292768,
        0.11001976119009606
    ],
    [
        -0.6165436554548632,
        0.7367551699507392,
        0.1105174878679261
    ],
    [
        -0.6428895831498499,
        0.7293087535045146,
        0.11097663243500198
    ],
    [
        -0.6694563021101857,
        0.7216507559979914,
        0.11147901619811622
    ],
    [
        -0.6948773517756778,
        0.7138943908422332,
        0.11182194244790343
    ],
    [
        -0.7205045870565321,
        0.7053438323444998,
        0.11251559808478488
    ],
    [
        -0.7459699361041982,
        0.6969555737311574,
        0.11286066273308261
    ],
    [
        -0.7715894426082707,
        0.6885497220347875,
        0.11327235094984571
    ],
    [
        -0.7972005364249565,
        0.6795784185991067,
        0.11389835908339425
    ],
    [
        -0.8232340167998046,
        0.6698045594711134,
        0.11410870406547528
    ],
    [
        -0.848211764742451,
        0.6610919698484664,
        0.11546451421824679
    ],
    [
        -0.8737520260345565,
        0.6511221500023141,
        0.116201455218421
    ],
    [
        -0.8988915369040726,
        0.6414087600290282,
        0.11695752911669023
    ],
    [
        -0.9240106431803757,
        0.6312926717109199,
        0.11784751796205596
    ],
    [
        -0.9490218270052222,
        0.6210508752624391,
        0.11860655273194602
    ],
    [
        -0.9734543406089319,
        0.6108475529831212,
        0.11941263323595146
    ],
    [
        -0.99727116174659,
        0.60017163623717,
        0.12005832382587202
    ],
    [
        -1.0200504052354418,
        0.5903407471569331,
        0.1208583967264676
    ],
    [
        -1.0422507998165502,
        0.5802422620206598,
        0.12142697756903569
    ],
    [
        -1.0634547127914329,
        0.5701199035474686,
        0.12207807051016166
    ],
    [
        -1.0832423089026282,
        0.5607590421770968,
        0.12298113447776331
    ],
    [
        -1.102660336836825,
        0.5511648842728429,
        0.12370666631997902
    ],
    [
        -1.1213241350830334,
        0.5419078596826264,
        0.12443789734045059
    ],
    [
        -1.139322316692932,
        0.5328114616704459,
        0.1251491891973041
    ],
    [
        -1.1570685543075536,
        0.5236946876140206,
        0.12584669049853103
    ],
    [
        -1.1745627459671857,
        0.5147336027124986,
        0.12644786913910055
    ],
    [
        -1.1918366686565018,
        0.5056110551936085,
        0.12701728778999238
    ],
    [
        -1.208951430614928,
        0.4963698308236797,
        0.12757133180823038
    ],
    [
        -1.226063390624905,
        0.48708052910706046,
        0.12805442641689924
    ],
    [
        -1.24278942687582,
        0.47773580595544407,
        0.12818937749472825
    ],
    [
        -1.2580358646142837,
        0.46893033858720934,
        0.12852779982528267
    ],
    [
        -1.2714202711199516,
        0.4607838741862651,
        0.1287282358904306
    ],
    [
        -1.2849165640172726,
        0.4525541964141996,
        0.12907347691738164
    ],
    [
        -1.296396357295927,
        0.44543159735716764,
        0.12947105154370075
    ],
    [
        -1.3058040599492506,
        0.43950929231409575,
        0.1297354644522536
    ],
    [
        -1.313831052014252,
        0.4345125401365405,
        0.12998160192066538
    ],
    [
        -1.3205704642145737,
        0.4303224342640092,
        0.1303816042223372
    ],
    [
        -1.3255982169255045,
        0.4272701787798052,
        0.13053051147176065
    ],
    [
        -1.3292820619262513,
        0.4251399621055628,
        0.1303597732215273
    ],
    [
        -1.3326801273455149,
        0.4231664328226471,
        0.13017751112760645
    ],
    [
        -1.336282373544466,
        0.42098711162531355,
        0.1301298466780429
    ],
    [
        -1.3401660738231933,
        0.41853936646981693,
        0.1301396321640444
    ],
    [
        -1.344712360488582,
        0.4156908660020846,
        0.13022077964993267
    ],
    [
        -1.3498807792206107,
        0.41252658166202416,
        0.13042620581026426
    ],
    [
        -1.3554799944316862,
        0.4090848733499092,
        0.13063849692071916
    ],
    [
        -1.361297460341412,
        0.40544652905539624,
        0.1307747492027007
    ],
    [
        -1.367227472378522,
        0.40165507568692926,
        0.13102148023382315
    ],
    [
        -1.3731114510913491,
        0.3978640567302565,
        0.13123709008997475
    ],
    [
        -1.3794971880117857,
        0.3936977608072073,
        0.13142801127195336
    ],
    [
        -1.3873875794101866,
        0.38871078785823077,
        0.13175760933924952
    ],
    [
        -1.3965020693937622,
        0.3830465836598166,
        0.13212759662063728
    ],
    [
        -1.406560658686856,
        0.37672302882582775,
        0.13264115630737533
    ],
    [
        -1.416889757738443,
        0.3701939392628687,
        0.13311833775869447
    ],
    [
        -1.427193834351579,
        0.3637576203722991,
        0.13353647660203583
    ],
    [
        -1.4374841530954092,
        0.35732170911572947,
        0.13381368513100012
    ],
    [
        -1.447491238802465,
        0.35100271580933684,
        0.13403328868667364
    ],
    [
        -1.457074908585353,
        0.34494809983021546,
        0.13431110034889582
    ],
    [
        -1.4662600975285538,
        0.3391939924456602,
        0.13461381024077873
    ],
    [
        -1.4752302344864696,
        0.33349751410751394,
        0.1349274227149374
    ],
    [
        -1.4839260213229057,
        0.3280505240838416,
        0.13523820315473134
    ],
    [
        -1.4924490272409183,
        0.32275157772290697,
        0.1355966488417073
    ],
    [
        -1.500739736264531,
        0.3176183532896272,
        0.1359322399630014
    ],
    [
        -1.5086389379142355,
        0.31264672236020297,
        0.13625831159709345
    ],
    [
        -1.5162572681923283,
        0.3077671639734306,
        0.13655283557334946
    ],
    [
        -1.5235357308034605,
        0.3031433321211381,
        0.1367685834110119
    ],
    [
        -1.5304539683996827,
        0.2987236949141997,
        0.13698459356065806
    ],
    [
        -1.5370258389675593,
        0.2943388826396367,
        0.137347861912349
    ],
    [
        -1.5434902739585896,
        0.2897871287499969,
        0.13755543954655697
    ],
    [
        -1.5499865981146004,
        0.28526869190418946,
        0.13738963779924984
    ]
];
