export const sampledTrajectoryIndices = [0, 1, 2, 3, 4, 5, 6, 7, 8, 9, 10, 11, 12, 13, 14, 15, 16, 17, 18, 19, 20, 21, 22];

export const ukCameras = [
    {
        "id": 0,
        "img_name": "frame_0141",
        "width": 1280,
        "height": 720,
        "position": [
            0.9897751515772922,
            0.030681348411711228,
            0.13633911111183736
        ],
        "rotation": [
            [
                0.9439266731902364,
                0.11585612784728128,
                -0.3091598183468337
            ],
            [
                -0.12503013503017052,
                0.9921029879275524,
                -0.009956238223356246
            ],
            [
                0.30556488832054984,
                0.04805225265746972,
                0.950957980165366
            ]
        ],
        "fx": 1046.04,
        "fy": 1046.04
    },
    {
        "id": 1,
        "img_name": "frame_0142",
        "width": 1280,
        "height": 720,
        "position": [
            0.9056243648969325,
            0.035425282379392006,
            0.10314568372775633
        ],
        "rotation": [
            [
                0.9562192434629684,
                0.0965922507004152,
                -0.27625114576366294
            ],
            [
                -0.10371902904594106,
                0.9945427986592066,
                -0.011268746553196176
            ],
            [
                0.27365511404846,
                0.03942789291530903,
                0.961019416981459
            ]
        ],
        "fx": 1046.04,
        "fy": 1046.04
    },
    {
        "id": 2,
        "img_name": "frame_0143",
        "width": 1280,
        "height": 720,
        "position": [
            0.8190932924841987,
            0.03935040577018946,
            0.07230413480674405
        ],
        "rotation": [
            [
                0.9678242188998725,
                0.07709697088192499,
                -0.23952523539636342
            ],
            [
                -0.08227083837723631,
                0.9965417730800188,
                -0.011662060677205273
            ],
            [
                0.23779779322684716,
                0.030992766694242807,
                0.9708200955630646
            ]
        ],
        "fx": 1046.04,
        "fy": 1046.04
    },
    {
        "id": 3,
        "img_name": "frame_0144",
        "width": 1280,
        "height": 720,
        "position": [
            0.7349793237194616,
            0.04267438301865114,
            0.04538764375440011
        ],
        "rotation": [
            [
                0.9767523468387326,
                0.0593307835710699,
                -0.20599687149534823
            ],
            [
                -0.06296651501580047,
                0.9979535451955702,
                -0.011132817179754544
            ],
            [
                0.20491478944135078,
                0.023844910409471575,
                0.9784893199804334
            ]
        ],
        "fx": 1046.04,
        "fy": 1046.04
    },
    {
        "id": 4,
        "img_name": "frame_0145",
        "width": 1280,
        "height": 720,
        "position": [
            0.6411717964412192,
            0.045121706345018275,
            0.01953301566518918
        ],
        "rotation": [
            [
                0.9848529800845438,
                0.03988653121687979,
                -0.16874143606736952
            ],
            [
                -0.042201455508772086,
                0.9990575292509343,
                -0.010153344274664489
            ],
            [
                0.16817742051635354,
                0.017120685573411065,
                0.9856080546312322
            ]
        ],
        "fx": 1046.04,
        "fy": 1046.04
    },
    {
        "id": 5,
        "img_name": "frame_0146",
        "width": 1280,
        "height": 720,
        "position": [
            0.554480885583768,
            0.04556450216364827,
            -0.001397876670213085
        ],
        "rotation": [
            [
                0.9910969770590667,
                0.0202267435070568,
                -0.1315965839658446
            ],
            [
                -0.02156310392620592,
                0.9997293054442526,
                -0.008737756292083378
            ],
            [
                0.13138422513166295,
                0.011497594663751866,
                0.9912648438754905
            ]
        ],
        "fx": 1046.04,
        "fy": 1046.04
    },
    {
        "id": 6,
        "img_name": "frame_0147",
        "width": 1280,
        "height": 720,
        "position": [
            0.466381358903576,
            0.04478619678793077,
            -0.01940014418636462
        ],
        "rotation": [
            [
                0.9955996595984289,
                0.0007865335946842088,
                -0.09370538497011184
            ],
            [
                -0.00140345469489643,
                0.9999777733602392,
                -0.006517906137519963
            ],
            [
                0.0936981756621323,
                0.0066207363942827665,
                0.9955786346277152
            ]
        ],
        "fx": 1046.04,
        "fy": 1046.04
    },
    {
        "id": 7,
        "img_name": "frame_0148",
        "width": 1280,
        "height": 720,
        "position": [
            0.3717808224180113,
            0.04261536466873265,
            -0.03375982829692628
        ],
        "rotation": [
            [
                0.9967720120574427,
                -0.010083677785490573,
                -0.07964844895712492
            ],
            [
                0.009764775469791124,
                0.9999426765127882,
                -0.0043923625153259845
            ],
            [
                0.07968817439860129,
                0.003600434801503728,
                0.9968133384592415
            ]
        ],
        "fx": 1046.04,
        "fy": 1046.04
    },
    {
        "id": 8,
        "img_name": "frame_0149",
        "width": 1280,
        "height": 720,
        "position": [
            0.2833691198425566,
            0.03933784767125883,
            -0.04475032496662855
        ],
        "rotation": [
            [
                0.9979381133359126,
                -0.022010968355380016,
                -0.0602912864651085
            ],
            [
                0.02190394235106262,
                0.9997571131721469,
                -0.002435563831353224
            ],
            [
                0.06033025162421122,
                0.0011099251117666848,
                0.998177854295118
            ]
        ],
        "fx": 1046.04,
        "fy": 1046.04
    },
    {
        "id": 9,
        "img_name": "frame_0150",
        "width": 1280,
        "height": 720,
        "position": [
            0.1933517863305055,
            0.034938230292148674,
            -0.05273969822018255
        ],
        "rotation": [
            [
                0.9986615854744665,
                -0.03401472174157201,
                -0.03896198663400351
            ],
            [
                0.03403528449345318,
                0.9994206226721285,
                -0.0001355990577234968
            ],
            [
                0.03894402530651583,
                -0.0011906647295434388,
                0.9992406843250665
            ]
        ],
        "fx": 1046.04,
        "fy": 1046.04
    },
    {
        "id": 10,
        "img_name": "frame_0151",
        "width": 1280,
        "height": 720,
        "position": [
            0.0989661867785013,
            0.029254376657660574,
            -0.05822469642239465
        ],
        "rotation": [
            [
                0.9987961944112485,
                -0.0445901781446372,
                -0.020442065517873816
            ],
            [
                0.044640180791375286,
                0.9990011360904666,
                0.001996083382631489
            ],
            [
                0.020332640962768607,
                -0.0029062179867668887,
                0.999789046553568
            ]
        ],
        "fx": 1046.04,
        "fy": 1046.04
    },
    {
        "id": 11,
        "img_name": "frame_0152",
        "width": 1280,
        "height": 720,
        "position": [
            0.005093564321894269,
            0.021627180733714498,
            -0.06127909509822257
        ],
        "rotation": [
            [
                0.9984702132788734,
                -0.055286351019712,
                0.0008078278072179148
            ],
            [
                0.05529179310382867,
                0.998414907939003,
                -0.010511385280519543
            ],
            [
                -0.0002254111894518037,
                0.010539971350876972,
                0.9999444275527107
            ]
        ],
        "fx": 1046.04,
        "fy": 1046.04
    },
    {
        "id": 12,
        "img_name": "frame_0153",
        "width": 1280,
        "height": 720,
        "position": [
            -0.08490971526523064,
            0.014843951504657116,
            -0.061978003717540676
        ],
        "rotation": [
            [
                0.9973125303729814,
                -0.06703404349822353,
                0.029566091613861353
            ],
            [
                0.06771624658187639,
                0.9974461472968755,
                -0.022708879133111235
            ],
            [
                -0.027968316179267587,
                0.024649954460363947,
                0.9993048348903344
            ]
        ],
        "fx": 1046.04,
        "fy": 1046.04
    },
    {
        "id": 13,
        "img_name": "frame_0154",
        "width": 1280,
        "height": 720,
        "position": [
            -0.20425419147822235,
            0.004330371729399626,
            -0.05897070131465337
        ],
        "rotation": [
            [
                0.9941399049529474,
                -0.08219501500643693,
                0.07021274021312911
            ],
            [
                0.08448245983871892,
                0.9959656724106286,
                -0.030250510065841264
            ],
            [
                -0.06744303788934773,
                0.036004984206855696,
                0.9970732559609249
            ]
        ],
        "fx": 1046.04,
        "fy": 1046.04
    },
    {
        "id": 14,
        "img_name": "frame_0155",
        "width": 1280,
        "height": 720,
        "position": [
            -0.30684397653964174,
            -0.0057829129639563655,
            -0.05292800982630578
        ],
        "rotation": [
            [
                0.9901324798340514,
                -0.09483218753636244,
                0.10317232470357571
            ],
            [
                0.09846019901528197,
                0.9946689392341297,
                -0.030647847113985556
            ],
            [
                -0.0997159043861256,
                0.04050379648772875,
                0.994191219475679
            ]
        ],
        "fx": 1046.04,
        "fy": 1046.04
    },
    {
        "id": 15,
        "img_name": "frame_0156",
        "width": 1280,
        "height": 720,
        "position": [
            -0.38010564830575194,
            -0.013831429824247718,
            -0.046311915977538066
        ],
        "rotation": [
            [
                0.9863791007128134,
                -0.10383448048212666,
                0.1275722161757345
            ],
            [
                0.10847213814701133,
                0.9936484865794878,
                -0.029941281938309194
            ],
            [
                -0.12365300207757662,
                0.04337148580923289,
                0.9913772487282035
            ]
        ],
        "fx": 1046.04,
        "fy": 1046.04
    },
    {
        "id": 16,
        "img_name": "frame_0157",
        "width": 1280,
        "height": 720,
        "position": [
            -0.4575996930215193,
            -0.023329577594677926,
            -0.037299081210388926
        ],
        "rotation": [
            [
                0.9814211519735243,
                -0.11382361733396013,
                0.15445616399474876
            ],
            [
                0.11961071093361833,
                0.9924066564755255,
                -0.028675878591996346
            ],
            [
                -0.1500193330504936,
                0.04661772538510142,
                0.9875834078147548
            ]
        ],
        "fx": 1046.04,
        "fy": 1046.04
    },
    {
        "id": 17,
        "img_name": "frame_0158",
        "width": 1280,
        "height": 720,
        "position": [
            -0.5583853092484236,
            -0.036641904708403,
            -0.022376469032175193
        ],
        "rotation": [
            [
                0.9737742488572992,
                -0.12622503869592042,
                0.1892906544671872
            ],
            [
                0.13359542558656898,
                0.9906777287498502,
                -0.026643949057560713
            ],
            [
                -0.18416290214032296,
                0.051233557023222374,
                0.9815595489373032
            ]
        ],
        "fx": 1046.04,
        "fy": 1046.04
    },
    {
        "id": 18,
        "img_name": "frame_0159",
        "width": 1280,
        "height": 720,
        "position": [
            -0.6392201793654713,
            -0.04830746225692149,
            -0.00784508522335057
        ],
        "rotation": [
            [
                0.9667978268158698,
                -0.13582176958451073,
                0.2164587927783104
            ],
            [
                0.14447294076860764,
                0.9892033888664871,
                -0.02458098534900318
            ],
            [
                -0.2107831384380208,
                0.05503728156431415,
                0.9759822571072839
            ]
        ],
        "fx": 1046.04,
        "fy": 1046.04
    },
    {
        "id": 19,
        "img_name": "frame_0160",
        "width": 1280,
        "height": 720,
        "position": [
            -0.7273269901369421,
            -0.06214948117632957,
            0.01086935452588325
        ],
        "rotation": [
            [
                0.9592745127635377,
                -0.1457393785259302,
                0.24197612012170316
            ],
            [
                0.15558549955984832,
                0.9875777133688967,
                -0.021986641029813406
            ],
            [
                -0.23576590400011133,
                0.05873919989187011,
                0.9700330638215757
            ]
        ],
        "fx": 1046.04,
        "fy": 1046.04
    },
    {
        "id": 20,
        "img_name": "frame_0161",
        "width": 1280,
        "height": 720,
        "position": [
            -0.8143156924806072,
            -0.0769931848788199,
            0.03217251983907379
        ],
        "rotation": [
            [
                0.9515878348216922,
                -0.15450628614709208,
                0.26572241185191137
            ],
            [
                0.16524839357337837,
                0.9860800798371202,
                -0.01841316295036197
            ],
            [
                -0.2591786276697632,
                0.06143194355912593,
                0.9638737237158023
            ]
        ],
        "fx": 1046.04,
        "fy": 1046.04
    },
    {
        "id": 21,
        "img_name": "frame_0162",
        "width": 1280,
        "height": 720,
        "position": [
            -0.9007729047376807,
            -0.09285892948260305,
            0.055835398762330665
        ],
        "rotation": [
            [
                0.9431358402441278,
                -0.16324506626551055,
                0.2895614532132552
            ],
            [
                0.17493644145440712,
                0.984468816677705,
                -0.014778039127976466
            ],
            [
                -0.2826517792236092,
                0.06459254855761834,
                0.9570453355889468
            ]
        ],
        "fx": 1046.04,
        "fy": 1046.04
    },
    {
        "id": 22,
        "img_name": "frame_0163",
        "width": 1280,
        "height": 720,
        "position": [
            -0.9903333560660709,
            -0.11065628373247087,
            0.08367407006696109
        ],
        "rotation": [
            [
                0.935439356491171,
                -0.17084869482125667,
                0.30945748303322207
            ],
            [
                0.18326193920768266,
                0.9829995660832619,
                -0.011265643255417894
            ],
            [
                -0.3022718510963657,
                0.06725010452030405,
                0.950846544652072
            ]
        ],
        "fx": 1046.04,
        "fy": 1046.04
    }
];

export const ukTrajectoryPoints = [
    [
        0.9897751515772922,
        0.030681348411711228,
        0.13633911111183736
    ],
    [
        0.9056243648969325,
        0.035425282379392006,
        0.10314568372775633
    ],
    [
        0.8190932924841987,
        0.03935040577018946,
        0.07230413480674405
    ],
    [
        0.7349793237194616,
        0.04267438301865114,
        0.04538764375440011
    ],
    [
        0.6411717964412192,
        0.045121706345018275,
        0.01953301566518918
    ],
    [
        0.554480885583768,
        0.04556450216364827,
        -0.001397876670213085
    ],
    [
        0.466381358903576,
        0.04478619678793077,
        -0.01940014418636462
    ],
    [
        0.3717808224180113,
        0.04261536466873265,
        -0.03375982829692628
    ],
    [
        0.2833691198425566,
        0.03933784767125883,
        -0.04475032496662855
    ],
    [
        0.1933517863305055,
        0.034938230292148674,
        -0.05273969822018255
    ],
    [
        0.0989661867785013,
        0.029254376657660574,
        -0.05822469642239465
    ],
    [
        0.005093564321894269,
        0.021627180733714498,
        -0.06127909509822257
    ],
    [
        -0.08490971526523064,
        0.014843951504657116,
        -0.061978003717540676
    ],
    [
        -0.20425419147822235,
        0.004330371729399626,
        -0.05897070131465337
    ],
    [
        -0.30684397653964174,
        -0.0057829129639563655,
        -0.05292800982630578
    ],
    [
        -0.38010564830575194,
        -0.013831429824247718,
        -0.046311915977538066
    ],
    [
        -0.4575996930215193,
        -0.023329577594677926,
        -0.037299081210388926
    ],
    [
        -0.5583853092484236,
        -0.036641904708403,
        -0.022376469032175193
    ],
    [
        -0.6392201793654713,
        -0.04830746225692149,
        -0.00784508522335057
    ],
    [
        -0.7273269901369421,
        -0.06214948117632957,
        0.01086935452588325
    ],
    [
        -0.8143156924806072,
        -0.0769931848788199,
        0.03217251983907379
    ],
    [
        -0.9007729047376807,
        -0.09285892948260305,
        0.055835398762330665
    ],
    [
        -0.9903333560660709,
        -0.11065628373247087,
        0.08367407006696109
    ]
];
